搭档	4692	0.1303478164240471	0.1303478164240471
好友	3771	0.10476164018224247	0.23510945660628957
队友	1758	0.04883875986220691	0.2839482164684965
朋友	1681	0.04669963329258806	0.3306478497610846
丈夫	1431	0.03975441715746194	0.3704022669185465
妻子	1198	0.03328147571952439	0.4036837426380709
师傅	986	0.02739193243693744	0.4310756750750083
儿子	972	0.027003000333370376	0.4580786754083787
母亲	922	0.02561395710634515	0.4836926325147239
同学	698	0.01939104344927214	0.5030836759639961
弟弟	678	0.01883542615846205	0.5219191021224581
女儿	609	0.01691854650516724	0.5388376486276253
前女友	594	0.016501833537059675	0.555339482164685
哥哥	580	0.01611290143349261	0.5714523835981776
合作	573	0.01591843538170908	0.5873708189798867
前男友	573	0.01591843538170908	0.6032892543615959
同门	412	0.011445716190687854	0.6147349705522838
妹妹	387	0.010751194577175242	0.625486165129459
祖父	338	0.00938993221469052	0.6348760973441495
传闻不和	337	0.009362151350150017	0.6442382486942996
恩师	327	0.009084342704744971	0.6533225913990446
姐姐	314	0.008723191465718413	0.662045782864763
前夫	308	0.008556506278475385	0.6706022891432384
密友	299	0.008306478497610846	0.6789087676408492
前妻	285	0.007917546394043783	0.6868263140348929
孙子	278	0.007723080342260251	0.6945493943771531
学生	268	0.007445271696855206	0.7019946660740083
绯闻女友	249	0.00691743527058562	0.7089121013445939
绯闻	244	0.006778530947883098	0.715690632292477
绯闻男友	227	0.006306256250694521	0.7219968885431715
长子	220	0.00611179019891099	0.7281086787420824
弟子	217	0.006028447605289477	0.7341371263473718
父亲	185	0.005139459939993332	0.7392765862873651
侄子	182	0.005056117346371819	0.7443327036337369
老师	154	0.004278253139237693	0.7486109567729746
战友	153	0.0042504722746971885	0.7528614290476718
次子	153	0.0042504722746971885	0.757111901322369
偶像	151	0.0041949105456161795	0.7613068118679852
闺蜜	147	0.004083787087454161	0.7653905989554394
女友	133	0.0036948549838870985	0.7690854539393265
儿媳	133	0.0036948549838870985	0.7727803089232136
男友	132	0.003667074119346594	0.7764473830425602
大哥	115	0.0031947994221580176	0.7796421824647183
孙女	111	0.0030836759639959995	0.7827258584287142
公公	110	0.003055895099455495	0.7857817535281697
昔日情敌	109	0.0030281142349149904	0.7888098677630847
老乡	103	0.0028614290476719636	0.7916712968107567
叔叔	101	0.0028058673185909545	0.7944771641293477
sj成员	99	0.0027503055895099454	0.7972274697188576
女婿	95	0.0026391821313479277	0.7998666518502056
同事	94	0.002611401266807423	0.802478053117013
祖母	93	0.0025836204022669186	0.8050616735192799
长女	92	0.002555839537726414	0.8076175130570064
二哥	91	0.0025280586731859095	0.8101455717301923
教练	91	0.0025280586731859095	0.8126736304033783
三子	87	0.0024169352150238918	0.8150905656184021
徒弟	87	0.0024169352150238918	0.8175075008334259
侄女	82	0.002278030892321369	0.8197855317257473
前队友	72	0.002000222246916324	0.8217857539726636
第一任妻子	71	0.0019724413823758195	0.8237581953550395
情敌	69	0.0019168796532948106	0.8256750750083343
戏曲搭档	68	0.001889098788754306	0.8275641737970886
组合成员	65	0.0018057561951327925	0.8293699299922214
次女	64	0.0017779753305922881	0.8311479053228137
第二任妻子	64	0.0017779753305922881	0.832925880653406
外甥	62	0.001722413601511279	0.8346482942549173
舅舅	62	0.001722413601511279	0.8363707078564285
婆婆	62	0.001722413601511279	0.8380931214579398
现任妻子	61	0.0016946327369707745	0.8397877541949106
姑姑	60	0.00166685187243027	0.8414546060673409
师弟	59	0.0016390710078897656	0.8430936770752306
影视搭档	59	0.0016390710078897656	0.8447327480831204
对手	59	0.0016390710078897656	0.8463718190910101
合作伙伴	57	0.0015835092788087566	0.8479553283698189
外祖父	55	0.0015279475497277475	0.8494832759195466
伯伯	55	0.0015279475497277475	0.8510112234692744
师妹	52	0.001444604956106234	0.8524558284253806
女双搭档	49	0.0013612623624847204	0.8538170907878653
四哥	47	0.0013057006334037116	0.855122791421269
师兄	47	0.0013057006334037116	0.8564284920546728
旧爱	46	0.001277919768863207	0.8577064118235359
同僚	44	0.001222358039782198	0.8589287698633181
四子	44	0.001222358039782198	0.8601511279031003
师姐	43	0.0011945771752416936	0.8613457050783421
相声搭档	43	0.0011945771752416936	0.8625402822535838
三弟	42	0.001166796310701189	0.863707078564285
三哥	41	0.0011390154461606845	0.8648460940104457
传人	41	0.0011390154461606845	0.8659851094566063
外甥女	40	0.00111123458162018	0.8670963440382266
第一任丈夫	40	0.00111123458162018	0.8682075786198468
第二任丈夫	40	0.00111123458162018	0.869318813201467
伯乐	38	0.001055672852539171	0.8703744860540061
大姐	38	0.001055672852539171	0.8714301589065453
四弟	37	0.0010278919879986666	0.872458050894544
合作演员	36	0.001000111123458162	0.8734581620180022
继母	36	0.001000111123458162	0.8744582731414604
戏曲合作	35	0.0009723302589176575	0.875430603400378
外孙	35	0.0009723302589176575	0.8764029336592957
岳母	35	0.0009723302589176575	0.8773752639182133
皇后	34	0.000944549394377153	0.8783198133125905
师生	34	0.000944549394377153	0.8792643627069676
二弟	34	0.000944549394377153	0.8802089121013448
翻版	33	0.0009167685298366485	0.8811256806311815
外孙女	33	0.0009167685298366485	0.8820424491610181
男双搭档	32	0.0008889876652961441	0.8829314368263143
现任丈夫	31	0.0008612068007556395	0.8837926436270699
骂战	31	0.0008612068007556395	0.8846538504278255
师父	31	0.0008612068007556395	0.8855150572285811
五弟	31	0.0008612068007556395	0.8863762640293368
苏打绿成员	30	0.000833425936215135	0.8872096899655519
堂弟	30	0.000833425936215135	0.8880431159017671
同门师兄	30	0.000833425936215135	0.8888765418379823
情人	28	0.000777864207134126	0.8896544060451164
分手	28	0.000777864207134126	0.8904322702522505
成员	27	0.0007500833425936215	0.8911823535948441
混双搭档	27	0.0007500833425936215	0.8919324369374377
六弟	26	0.000722302478053117	0.8926547394154909
二姐	26	0.000722302478053117	0.893377041893544
同时期队友	26	0.000722302478053117	0.8940993443715972
干爹	25	0.0006945216135126125	0.8947938659851098
爱徒	25	0.0006945216135126125	0.8954883875986224
五哥	24	0.000666740748972108	0.8961551283475945
五子	24	0.000666740748972108	0.8968218690965666
经纪人	24	0.000666740748972108	0.8974886098455387
堂哥	23	0.0006389598844316035	0.8981275697299703
干妈	23	0.0006389598844316035	0.898766529614402
妹夫	23	0.0006389598844316035	0.8994054894988336
干儿子	22	0.000611179019891099	0.9000166685187246
旗下艺人	22	0.000611179019891099	0.9006278475386157
三女	22	0.000611179019891099	0.9012390265585067
组合	22	0.000611179019891099	0.9018502055783978
继女	22	0.000611179019891099	0.9024613845982888
表哥	21	0.0005833981553505945	0.9030447827536394
君臣	21	0.0005833981553505945	0.90362818090899
主持搭档	21	0.0005833981553505945	0.9042115790643406
继子	21	0.0005833981553505945	0.9047949772196912
养父	21	0.0005833981553505945	0.9053783753750417
姐夫	20	0.00055561729081009	0.9059339926658518
被忽悠	20	0.00055561729081009	0.906489609956662
竹林七贤	20	0.00055561729081009	0.907045227247472
二儿子	20	0.00055561729081009	0.9076008445382822
大女儿	20	0.00055561729081009	0.9081564618290923
姨妈	20	0.00055561729081009	0.9087120791199024
师徒	20	0.00055561729081009	0.9092676964107125
国家队队友	20	0.00055561729081009	0.9098233137015226
忽悠	20	0.00055561729081009	0.9103789309923327
七弟	19	0.0005278364262695856	0.9109067674186023
干女儿	19	0.0005278364262695856	0.911434603844872
同父异母	18	0.000500055561729081	0.911934659406601
师兄弟	18	0.000500055561729081	0.9124347149683301
国青队队友	18	0.000500055561729081	0.9129347705300591
棒棒堂成员	18	0.000500055561729081	0.9134348260917882
第三任妻子	18	0.000500055561729081	0.9139348816535172
外祖母	18	0.000500055561729081	0.9144349372152463
大儿子	18	0.000500055561729081	0.9149349927769753
养子	17	0.0004722746971885765	0.9154072674741639
爷爷	16	0.00044449383264807203	0.915851761306812
二女儿	16	0.00044449383264807203	0.9162962551394601
三妹	16	0.00044449383264807203	0.9167407489721082
小叔子	16	0.00044449383264807203	0.9171852428047563
上司	16	0.00044449383264807203	0.9176297366374044
大舅子	16	0.00044449383264807203	0.9180742304700525
养女	16	0.00044449383264807203	0.9185187243027007
2010年广州亚运会赛艇男子八人单桨有舵手冠军队友	16	0.00044449383264807203	0.9189632181353488
养母	16	0.00044449383264807203	0.9194077119679969
嫂子	15	0.0004167129681075675	0.9198244249361044
表妹	15	0.0004167129681075675	0.9202411379042119
幼子	15	0.0004167129681075675	0.9206578508723194
老板	14	0.000388932103567063	0.9210467829758865
少女时代	14	0.000388932103567063	0.9214357150794535
三儿子	14	0.000388932103567063	0.9218246471830206
秦淮八艳	14	0.000388932103567063	0.9222135792865876
六子	14	0.000388932103567063	0.9226025113901547
小妹	14	0.000388932103567063	0.9229914434937218
小姨子	14	0.000388932103567063	0.9233803755972888
暧昧	13	0.0003611512390265585	0.9237415268363154
同门师兄弟	13	0.0003611512390265585	0.924102678075342
父子	13	0.0003611512390265585	0.9244638293143685
义父	13	0.0003611512390265585	0.9248249805533951
四妹	13	0.0003611512390265585	0.9251861317924217
十七弟	13	0.0003611512390265585	0.9255472830314483
六哥	13	0.0003611512390265585	0.9259084342704749
圈中好友	13	0.0003611512390265585	0.9262695855095014
七哥	13	0.0003611512390265585	0.926630736748528
合作者	13	0.0003611512390265585	0.9269918879875546
义子	13	0.0003611512390265585	0.9273530392265812
表姐	13	0.0003611512390265585	0.9277141904656078
曾经的签约艺人	13	0.0003611512390265585	0.9280753417046343
长孙	12	0.000333370374486054	0.9284087120791205
表弟	12	0.000333370374486054	0.9287420824536066
建安七子	12	0.000333370374486054	0.9290754528280927
赏识	12	0.000333370374486054	0.9294088232025788
生母	12	0.000333370374486054	0.9297421935770649
七子	12	0.000333370374486054	0.930075563951551
八弟	12	0.000333370374486054	0.9304089343260371
十五弟	12	0.000333370374486054	0.9307423047005232
夫妻	12	0.000333370374486054	0.9310756750750093
女队队友	12	0.000333370374486054	0.9314090454494954
四大名旦	12	0.000333370374486054	0.9317424158239815
同为校草	12	0.000333370374486054	0.9320757861984676
二妹	12	0.000333370374486054	0.9324091565729538
校友	11	0.0003055895099455495	0.9327147460828993
四女	11	0.0003055895099455495	0.9330203355928448
第四任妻子	11	0.0003055895099455495	0.9333259251027903
前任	11	0.0003055895099455495	0.9336315146127359
凯尔特人队	11	0.0003055895099455495	0.9339371041226814
三女儿	11	0.0003055895099455495	0.9342426936326269
七小福	11	0.0003055895099455495	0.9345482831425724
十三弟	11	0.0003055895099455495	0.934853872652518
自曝偶像	11	0.0003055895099455495	0.9351594621624635
同门师弟	11	0.0003055895099455495	0.935465051672409
堂妹	11	0.0003055895099455495	0.9357706411823545
大姨子	10	0.000277808645405045	0.9360484498277596
关8组合	10	0.000277808645405045	0.9363262584731646
下属	10	0.000277808645405045	0.9366040671185697
同为校花	10	0.000277808645405045	0.9368818757639747
堂兄	10	0.000277808645405045	0.9371596844093798
初唐四杰	10	0.000277808645405045	0.9374374930547849
合伙人	10	0.000277808645405045	0.9377153017001899
大嫂	10	0.000277808645405045	0.937993110345595
继父	10	0.000277808645405045	0.938270918991
十四弟	10	0.000277808645405045	0.9385487276364051
十二弟	10	0.000277808645405045	0.9388265362818101
小姑子	10	0.000277808645405045	0.9391043449272152
亲家	10	0.000277808645405045	0.9393821535726202
情侣	10	0.000277808645405045	0.9396599622180253
第三任丈夫	10	0.000277808645405045	0.9399377708634303
小儿子	10	0.000277808645405045	0.9402155795088354
合作导演	10	0.000277808645405045	0.9404933881542404
跑男成员	10	0.000277808645405045	0.9407711967996455
幼女	10	0.000277808645405045	0.9410490054450505
曾祖父	10	0.000277808645405045	0.9413268140904556
SJ成员	9	0.0002500277808645405	0.9415768418713202
代言交恶	9	0.0002500277808645405	0.9418268696521848
三姐	9	0.0002500277808645405	0.9420768974330493
前绯闻男友	9	0.0002500277808645405	0.9423269252139139
十二哥	9	0.0002500277808645405	0.9425769529947785
九子	9	0.0002500277808645405	0.9428269807756431
乐队组合	9	0.0002500277808645405	0.9430770085565077
湖人队队友	9	0.0002500277808645405	0.9433270363373722
八子	9	0.0002500277808645405	0.9435770641182368
替身	9	0.0002500277808645405	0.9438270918991014
原配	9	0.0002500277808645405	0.944077119679966
堂姐	9	0.0002500277808645405	0.9443271474608306
结义金兰甘草演员十二金钗	9	0.0002500277808645405	0.9445771752416952
戊戌六君子	9	0.0002500277808645405	0.9448272030225597
拍档	9	0.0002500277808645405	0.9450772308034243
昔日绯闻情敌	9	0.0002500277808645405	0.9453272585842889
第一任皇后	9	0.0002500277808645405	0.9455772863651535
兄弟	9	0.0002500277808645405	0.9458273141460181
第二任皇后	9	0.0002500277808645405	0.9460773419268826
十一弟	8	0.00022224691632403602	0.9462995888432066
指导	8	0.00022224691632403602	0.9465218357595306
前绯闻女友	8	0.00022224691632403602	0.9467440826758546
同门师妹	8	0.00022224691632403602	0.9469663295921786
四人艇搭档	8	0.00022224691632403602	0.9471885765085026
梁思成之子	8	0.00022224691632403602	0.9474108234248266
三叔	8	0.00022224691632403602	0.9476330703411506
外孙子	8	0.00022224691632403602	0.9478553172574746
岳父	8	0.00022224691632403602	0.9480775641737986
5566组合	8	0.00022224691632403602	0.9482998110901226
延安五老	8	0.00022224691632403602	0.9485220580064466
神话	8	0.00022224691632403602	0.9487443049227706
曾孙	8	0.00022224691632403602	0.9489665518390946
梁思成之女	8	0.00022224691632403602	0.9491887987554186
生父	8	0.00022224691632403602	0.9494110456717426
十六哥	8	0.00022224691632403602	0.9496332925880666
麻吉组合	8	0.00022224691632403602	0.9498555395043906
小女儿	8	0.00022224691632403602	0.9500777864207146
大伯子	8	0.00022224691632403602	0.9503000333370386
姑父	8	0.00022224691632403602	0.9505222802533626
同门师姐妹	8	0.00022224691632403602	0.9507445271696866
可米小子	7	0.0001944660517835315	0.9509389932214701
羽毛球混双搭档	7	0.0001944660517835315	0.9511334592732537
同班同学	7	0.0001944660517835315	0.9513279253250372
五女	7	0.0001944660517835315	0.9515223913768207
体操男队队友	7	0.0001944660517835315	0.9517168574286042
艳照门	7	0.0001944660517835315	0.9519113234803878
启蒙教练	7	0.0001944660517835315	0.9521057895321713
夫人	7	0.0001944660517835315	0.9523002555839548
曾孙女	7	0.0001944660517835315	0.9524947216357383
八哥	7	0.0001944660517835315	0.9526891876875219
现任男友	7	0.0001944660517835315	0.9528836537393054
十一哥	7	0.0001944660517835315	0.9530781197910889
大师兄	7	0.0001944660517835315	0.9532725858428724
影视合作	7	0.0001944660517835315	0.953467051894656
第一任男友	7	0.0001944660517835315	0.9536615179464395
伯父	7	0.0001944660517835315	0.953855983998223
大伯	7	0.0001944660517835315	0.9540504500500065
大妹	7	0.0001944660517835315	0.9542449161017901
情妇	7	0.0001944660517835315	0.9544393821535736
君主	7	0.0001944660517835315	0.9546338482053571
小舅子	7	0.0001944660517835315	0.9548283142571407
情夫	6	0.000166685187243027	0.9549949994443837
北洋三杰	6	0.000166685187243027	0.9551616846316268
大弟	6	0.000166685187243027	0.9553283698188698
四儿子	6	0.000166685187243027	0.9554950550061129
SJM成员	6	0.000166685187243027	0.9556617401933559
异母姐姐	6	0.000166685187243027	0.955828425380599
训练班同期同学	6	0.000166685187243027	0.955995110567842
九弟	6	0.000166685187243027	0.9561617957550851
再传弟子	6	0.000166685187243027	0.9563284809423281
主公	6	0.000166685187243027	0.9564951661295712
好基友	6	0.000166685187243027	0.9566618513168142
友人	6	0.000166685187243027	0.9568285365040573
队员	6	0.000166685187243027	0.9569952216913004
四大恶人	6	0.000166685187243027	0.9571619068785434
嫔妃	6	0.000166685187243027	0.9573285920657865
义女	6	0.000166685187243027	0.9574952772530295
同款撞衫	6	0.000166685187243027	0.9576619624402726
奶奶	6	0.000166685187243027	0.9578286476275156
黄金搭档	6	0.000166685187243027	0.9579953328147587
乐队成员	6	0.000166685187243027	0.9581620180020017
荧屏情侣	6	0.000166685187243027	0.9583287031892448
大儿媳	6	0.000166685187243027	0.9584953883764878
四姐	6	0.000166685187243027	0.9586620735637309
接力冠军队友	6	0.000166685187243027	0.958828758750974
清四大书家	6	0.000166685187243027	0.958995443938217
瑶女郎	6	0.000166685187243027	0.9591621291254601
前辈	6	0.000166685187243027	0.9593288143127031
F4成员	6	0.000166685187243027	0.9594954994999462
四小名旦	6	0.000166685187243027	0.9596621846871892
连襟	6	0.000166685187243027	0.9598288698744323
飞轮海组合	6	0.000166685187243027	0.9599955550616753
四叔	6	0.000166685187243027	0.9601622402489184
十四哥	5	0.0001389043227025225	0.9603011445716209
私淑弟子	5	0.0001389043227025225	0.9604400488943233
长儿媳	5	0.0001389043227025225	0.9605789532170258
好朋友	5	0.0001389043227025225	0.9607178575397283
甘草演员十二金钗	5	0.0001389043227025225	0.9608567618624307
第一任女友	5	0.0001389043227025225	0.9609956661851332
胞弟	5	0.0001389043227025225	0.9611345705078357
儿媳妇	5	0.0001389043227025225	0.9612734748305382
二叔	5	0.0001389043227025225	0.9614123791532406
同一组合	5	0.0001389043227025225	0.9615512834759431
叔父	5	0.0001389043227025225	0.9616901877986456
棒棒糖成员	5	0.0001389043227025225	0.961829092121348
导演	5	0.0001389043227025225	0.9619679964440505
徒孙	5	0.0001389043227025225	0.962106900766753
关8成员	5	0.0001389043227025225	0.9622458050894555
绯闻情敌	5	0.0001389043227025225	0.9623847094121579
妾室	5	0.0001389043227025225	0.9625236137348604
十三哥	5	0.0001389043227025225	0.9626625180575629
弟媳	5	0.0001389043227025225	0.9628014223802653
2009年快女选手	5	0.0001389043227025225	0.9629403267029678
竞争对手	5	0.0001389043227025225	0.9630792310256703
属于	5	0.0001389043227025225	0.9632181353483728
后妃	5	0.0001389043227025225	0.9633570396710752
饰演人物	5	0.0001389043227025225	0.9634959439937777
师祖	5	0.0001389043227025225	0.9636348483164802
同父异母妹妹	5	0.0001389043227025225	0.9637737526391826
长兄	5	0.0001389043227025225	0.9639126569618851
发掘	5	0.0001389043227025225	0.9640515612845876
次孙	4	0.00011112345816201801	0.9641626847427496
长孙女	4	0.00011112345816201801	0.9642738082009116
扮演者	4	0.00011112345816201801	0.9643849316590736
前情敌	4	0.00011112345816201801	0.9644960551172356
七妹	4	0.00011112345816201801	0.9646071785753976
辽足俱乐部队友	4	0.00011112345816201801	0.9647183020335596
皇长子	4	0.00011112345816201801	0.9648294254917216
师母	4	0.00011112345816201801	0.9649405489498836
得意弟子	4	0.00011112345816201801	0.9650516724080456
侧室	4	0.00011112345816201801	0.9651627958662076
启蒙老师	4	0.00011112345816201801	0.9652739193243696
三剑客	4	0.00011112345816201801	0.9653850427825316
未婚夫	4	0.00011112345816201801	0.9654961662406936
同期同学	4	0.00011112345816201801	0.9656072896988556
双胞胎弟弟	4	0.00011112345816201801	0.9657184131570176
臣子	4	0.00011112345816201801	0.9658295366151796
招妓门	4	0.00011112345816201801	0.9659406600733416
皇贵妃	4	0.00011112345816201801	0.9660517835315036
美国队队友	4	0.00011112345816201801	0.9661629069896656
七师弟	4	0.00011112345816201801	0.9662740304478276
二伯父	4	0.00011112345816201801	0.9663851539059896
昔日好友	4	0.00011112345816201801	0.9664962773641516
学友	4	0.00011112345816201801	0.9666074008223136
初恋	4	0.00011112345816201801	0.9667185242804756
师哥	4	0.00011112345816201801	0.9668296477386376
二儿媳	4	0.00011112345816201801	0.9669407711967996
二师兄	4	0.00011112345816201801	0.9670518946549616
女生宿舍组合搭档	4	0.00011112345816201801	0.9671630181131236
中国体操队	4	0.00011112345816201801	0.9672741415712856
青山大乐队	4	0.00011112345816201801	0.9673852650294475
六师弟	4	0.00011112345816201801	0.9674963884876095
领导	4	0.00011112345816201801	0.9676075119457715
SMAP组合	4	0.00011112345816201801	0.9677186354039335
姻亲	4	0.00011112345816201801	0.9678297588620955
吕门五凤	4	0.00011112345816201801	0.9679408823202575
MIB三重唱搭档	4	0.00011112345816201801	0.9680520057784195
红孩儿团员	4	0.00011112345816201801	0.9681631292365815
恩师教练	4	0.00011112345816201801	0.9682742526947435
九妹	4	0.00011112345816201801	0.9683853761529055
圈内好友	4	0.00011112345816201801	0.9684964996110675
三钱之一	4	0.00011112345816201801	0.9686076230692295
干哥哥	4	0.00011112345816201801	0.9687187465273915
《加勒比海盗》搭档	4	0.00011112345816201801	0.9688298699855535
第二任男友	4	0.00011112345816201801	0.9689409934437155
九哥	4	0.00011112345816201801	0.9690521169018775
表舅	4	0.00011112345816201801	0.9691632403600395
嫡母	4	0.00011112345816201801	0.9692743638182015
Freeze组合同伴	4	0.00011112345816201801	0.9693854872763635
同母异父	4	0.00011112345816201801	0.9694966107345255
荧幕情侣	4	0.00011112345816201801	0.9696077341926875
5566成员	4	0.00011112345816201801	0.9697188576508495
小弟	4	0.00011112345816201801	0.9698299811090115
第三任皇后	4	0.00011112345816201801	0.9699411045671735
五月天	4	0.00011112345816201801	0.9700522280253355
配演	4	0.00011112345816201801	0.9701633514834975
二子	4	0.00011112345816201801	0.9702744749416595
神话成员	4	0.00011112345816201801	0.9703855983998215
现任女友	4	0.00011112345816201801	0.9704967218579835
AC米兰队友	4	0.00011112345816201801	0.9706078453161455
基友	4	0.00011112345816201801	0.9707189687743075
私生子	4	0.00011112345816201801	0.9708300922324695
内弟	4	0.00011112345816201801	0.9709412156906315
MIC男团	4	0.00011112345816201801	0.9710523391487935
十子	4	0.00011112345816201801	0.9711634626069555
上海队队友	4	0.00011112345816201801	0.9712745860651175
皇六子	4	0.00011112345816201801	0.9713857095232795
皇次子	4	0.00011112345816201801	0.9714968329814415
绯闻情人	3	8.33425936215135e-05	0.971580175575063
师爷	3	8.33425936215135e-05	0.9716635181686846
前教练	3	8.33425936215135e-05	0.9717468607623061
五叔	3	8.33425936215135e-05	0.9718302033559276
部下	3	8.33425936215135e-05	0.9719135459495492
表姐夫	3	8.33425936215135e-05	0.9719968885431707
同行	3	8.33425936215135e-05	0.9720802311367922
微博对骂	3	8.33425936215135e-05	0.9721635737304137
兄长	3	8.33425936215135e-05	0.9722469163240353
三师兄	3	8.33425936215135e-05	0.9723302589176568
亲家公	3	8.33425936215135e-05	0.9724136015112783
五姐	3	8.33425936215135e-05	0.9724969441048998
师	3	8.33425936215135e-05	0.9725802866985214
洪家班成员	3	8.33425936215135e-05	0.9726636292921429
十七哥	3	8.33425936215135e-05	0.9727469718857644
绯闻不和	3	8.33425936215135e-05	0.972830314479386
黄光裕妻	3	8.33425936215135e-05	0.9729136570730075
第三任男友	3	8.33425936215135e-05	0.972996999666629
异母弟弟	3	8.33425936215135e-05	0.9730803422602505
子女	3	8.33425936215135e-05	0.9731636848538721
政敌	3	8.33425936215135e-05	0.9732470274474936
同窗	3	8.33425936215135e-05	0.9733303700411151
三大中堂	3	8.33425936215135e-05	0.9734137126347366
二十一弟	3	8.33425936215135e-05	0.9734970552283582
F4	3	8.33425936215135e-05	0.9735803978219797
历届香港小姐	3	8.33425936215135e-05	0.9736637404156012
小品搭档	3	8.33425936215135e-05	0.9737470830092227
中前卫	3	8.33425936215135e-05	0.9738304256028443
伯乐教练	3	8.33425936215135e-05	0.9739137681964658
智囊团伙伴	3	8.33425936215135e-05	0.9739971107900873
十哥	3	8.33425936215135e-05	0.9740804533837089
未婚妻	3	8.33425936215135e-05	0.9741637959773304
异母哥哥	3	8.33425936215135e-05	0.9742471385709519
十六弟	3	8.33425936215135e-05	0.9743304811645734
元配	3	8.33425936215135e-05	0.974413823758195
F4成员之一	3	8.33425936215135e-05	0.9744971663518165
皇四子	3	8.33425936215135e-05	0.974580508945438
搭班	3	8.33425936215135e-05	0.9746638515390595
皇三子	3	8.33425936215135e-05	0.9747471941326811
师侄	3	8.33425936215135e-05	0.9748305367263026
五师弟	3	8.33425936215135e-05	0.9749138793199241
传承者	3	8.33425936215135e-05	0.9749972219135457
妻姐	3	8.33425936215135e-05	0.9750805645071672
双打搭档	3	8.33425936215135e-05	0.9751639071007887
相声合作	3	8.33425936215135e-05	0.9752472496944102
仇人	3	8.33425936215135e-05	0.9753305922880318
二太太	3	8.33425936215135e-05	0.9754139348816533
总教练	3	8.33425936215135e-05	0.9754972774752748
开心少女组成员	3	8.33425936215135e-05	0.9755806200688963
四女儿	3	8.33425936215135e-05	0.9756639626625179
第六任妻子	3	8.33425936215135e-05	0.9757473052561394
姨母	3	8.33425936215135e-05	0.9758306478497609
S·H·E	3	8.33425936215135e-05	0.9759139904433825
同门师兄妹	3	8.33425936215135e-05	0.975997333037004
香港四大才子之一	3	8.33425936215135e-05	0.9760806756306255
五儿子	3	8.33425936215135e-05	0.976164018224247
同性密友	3	8.33425936215135e-05	0.9762473608178686
舅妈	3	8.33425936215135e-05	0.9763307034114901
胞兄	3	8.33425936215135e-05	0.9764140460051116
进修老师	2	5.5561729081009004e-05	0.9764696077341927
王后	2	5.5561729081009004e-05	0.9765251694632737
大姑姐	2	5.5561729081009004e-05	0.9765807311923548
狼吻门	2	5.5561729081009004e-05	0.9766362929214358
八妹	2	5.5561729081009004e-05	0.9766918546505169
第四任丈夫	2	5.5561729081009004e-05	0.9767474163795979
成员好友	2	5.5561729081009004e-05	0.976802978108679
义弟	2	5.5561729081009004e-05	0.97685853983776
搭档兼同事	2	5.5561729081009004e-05	0.9769141015668411
外婆	2	5.5561729081009004e-05	0.9769696632959222
国家队指导教练	2	5.5561729081009004e-05	0.9770252250250032
离席门	2	5.5561729081009004e-05	0.9770807867540843
二孙女	2	5.5561729081009004e-05	0.9771363484831653
舅父	2	5.5561729081009004e-05	0.9771919102122464
四妈	2	5.5561729081009004e-05	0.9772474719413274
师友	2	5.5561729081009004e-05	0.9773030336704085
大弟媳	2	5.5561729081009004e-05	0.9773585953994895
雪中送炭	2	5.5561729081009004e-05	0.9774141571285706
大女婿	2	5.5561729081009004e-05	0.9774697188576517
二十五弟	2	5.5561729081009004e-05	0.9775252805867327
清华同事	2	5.5561729081009004e-05	0.9775808423158138
陈凯歌之子	2	5.5561729081009004e-05	0.9776364040448948
大伯父	2	5.5561729081009004e-05	0.9776919657739759
荧屏CP	2	5.5561729081009004e-05	0.9777475275030569
丫鬟	2	5.5561729081009004e-05	0.977803089232138
关门弟子	2	5.5561729081009004e-05	0.977858650961219
星女郎	2	5.5561729081009004e-05	0.9779142126903001
队长	2	5.5561729081009004e-05	0.9779697744193812
皇四女	2	5.5561729081009004e-05	0.9780253361484622
地下恋情	2	5.5561729081009004e-05	0.9780808978775433
Ping Pung乐队搭档	2	5.5561729081009004e-05	0.9781364596066243
中锋	2	5.5561729081009004e-05	0.9781920213357054
第四任男友	2	5.5561729081009004e-05	0.9782475830647864
双胞胎哥哥	2	5.5561729081009004e-05	0.9783031447938675
默契搭档	2	5.5561729081009004e-05	0.9783587065229485
花样游泳教练搭档	2	5.5561729081009004e-05	0.9784142682520296
教主	2	5.5561729081009004e-05	0.9784698299811107
皇十七子	2	5.5561729081009004e-05	0.9785253917101917
梦八队队友	2	5.5561729081009004e-05	0.9785809534392728
皇八子	2	5.5561729081009004e-05	0.9786365151683538
同乡好友	2	5.5561729081009004e-05	0.9786920768974349
私生女	2	5.5561729081009004e-05	0.9787476386265159
五女儿	2	5.5561729081009004e-05	0.978803200355597
十九弟	2	5.5561729081009004e-05	0.978858762084678
二房	2	5.5561729081009004e-05	0.9789143238137591
同居	2	5.5561729081009004e-05	0.9789698855428401
父母	2	5.5561729081009004e-05	0.9790254472719212
Sugar团体	2	5.5561729081009004e-05	0.9790810090010023
皇七子	2	5.5561729081009004e-05	0.9791365707300833
大舅	2	5.5561729081009004e-05	0.9791921324591644
曾祖母	2	5.5561729081009004e-05	0.9792476941882454
世交	2	5.5561729081009004e-05	0.9793032559173265
干妹妹	2	5.5561729081009004e-05	0.9793588176464075
四师弟	2	5.5561729081009004e-05	0.9794143793754886
最崇拜的球员	2	5.5561729081009004e-05	0.9794699411045696
三伯子	2	5.5561729081009004e-05	0.9795255028336507
后腰	2	5.5561729081009004e-05	0.9795810645627318
同行对手	2	5.5561729081009004e-05	0.9796366262918128
梦中情人	2	5.5561729081009004e-05	0.9796921880208939
四师兄	2	5.5561729081009004e-05	0.9797477497499749
第三子	2	5.5561729081009004e-05	0.979803311479056
姑母	2	5.5561729081009004e-05	0.979858873208137
第六子	2	5.5561729081009004e-05	0.9799144349372181
《The Happening》搭档	2	5.5561729081009004e-05	0.9799699966662991
隔空对唱	2	5.5561729081009004e-05	0.9800255583953802
前上司	2	5.5561729081009004e-05	0.9800811201244612
粉丝	2	5.5561729081009004e-05	0.9801366818535423
中国男排	2	5.5561729081009004e-05	0.9801922435826234
十八弟	2	5.5561729081009004e-05	0.9802478053117044
父女	2	5.5561729081009004e-05	0.9803033670407855
影响	2	5.5561729081009004e-05	0.9803589287698665
儿女	2	5.5561729081009004e-05	0.9804144904989476
五女婿	2	5.5561729081009004e-05	0.9804700522280286
小姑	2	5.5561729081009004e-05	0.9805256139571097
艺人	2	5.5561729081009004e-05	0.9805811756861907
孪生兄弟	2	5.5561729081009004e-05	0.9806367374152718
梁山兄弟	2	5.5561729081009004e-05	0.9806922991443529
十四子	2	5.5561729081009004e-05	0.9807478608734339
二师弟	2	5.5561729081009004e-05	0.980803422602515
雷霆队	2	5.5561729081009004e-05	0.980858984331596
教学合作	2	5.5561729081009004e-05	0.9809145460606771
第四子	2	5.5561729081009004e-05	0.9809701077897581
曲艺合作	2	5.5561729081009004e-05	0.9810256695188392
现任教练	2	5.5561729081009004e-05	0.9810812312479202
谋士	2	5.5561729081009004e-05	0.9811367929770013
舞蹈搭档	2	5.5561729081009004e-05	0.9811923547060823
十三子	2	5.5561729081009004e-05	0.9812479164351634
银幕情侣	2	5.5561729081009004e-05	0.9813034781642445
同门师姐	2	5.5561729081009004e-05	0.9813590398933255
双人搭档	2	5.5561729081009004e-05	0.9814146016224066
十一子	2	5.5561729081009004e-05	0.9814701633514876
第五任男友	2	5.5561729081009004e-05	0.9815257250805687
同党	2	5.5561729081009004e-05	0.9815812868096497
经理人	2	5.5561729081009004e-05	0.9816368485387308
八儿媳	2	5.5561729081009004e-05	0.9816924102678118
大姑	2	5.5561729081009004e-05	0.9817479719968929
四川男排	2	5.5561729081009004e-05	0.981803533725974
挚友	2	5.5561729081009004e-05	0.981859095455055
对手兼好友	2	5.5561729081009004e-05	0.9819146571841361
同乡	2	5.5561729081009004e-05	0.9819702189132171
第三任女友	2	5.5561729081009004e-05	0.9820257806422982
男花团体冠军队友	2	5.5561729081009004e-05	0.9820813423713792
二伯	2	5.5561729081009004e-05	0.9821369041004603
城市少女	2	5.5561729081009004e-05	0.9821924658295413
神话组合	2	5.5561729081009004e-05	0.9822480275586224
合作者、朋友	2	5.5561729081009004e-05	0.9823035892877034
前卫	2	5.5561729081009004e-05	0.9823591510167845
媒人	2	5.5561729081009004e-05	0.9824147127458656
黄昏恋	2	5.5561729081009004e-05	0.9824702744749466
继室	2	5.5561729081009004e-05	0.9825258362040277
二女婿	2	5.5561729081009004e-05	0.9825813979331087
皇五子	2	5.5561729081009004e-05	0.9826369596621898
六叔	2	5.5561729081009004e-05	0.9826925213912708
四女婿	2	5.5561729081009004e-05	0.9827480831203519
皇十四子	2	5.5561729081009004e-05	0.982803644849433
同父异母姐姐	2	5.5561729081009004e-05	0.982859206578514
结拜大哥	2	5.5561729081009004e-05	0.982914768307595
屏幕情侣	2	5.5561729081009004e-05	0.9829703300366761
第五任妻子	2	5.5561729081009004e-05	0.9830258917657572
属下	2	5.5561729081009004e-05	0.9830814534948382
导师	2	5.5561729081009004e-05	0.9831370152239193
死党姐妹	2	5.5561729081009004e-05	0.9831925769530003
第三皇后	2	5.5561729081009004e-05	0.9832481386820814
二妈	2	5.5561729081009004e-05	0.9833037004111624
五妹	2	5.5561729081009004e-05	0.9833592621402435
珠联璧合	2	5.5561729081009004e-05	0.9834148238693246
后妈	2	5.5561729081009004e-05	0.9834703855984056
2003年德国格雷-韦伯公开赛青少年组女双四强搭档	2	5.5561729081009004e-05	0.9835259473274867
二嫂	2	5.5561729081009004e-05	0.9835815090565677
不和	2	5.5561729081009004e-05	0.9836370707856488
中后卫	2	5.5561729081009004e-05	0.9836926325147298
团体	2	5.5561729081009004e-05	0.9837481942438109
大妈	2	5.5561729081009004e-05	0.9838037559728919
省队双人跳水搭档	2	5.5561729081009004e-05	0.983859317701973
周一情侣	2	5.5561729081009004e-05	0.983914879431054
出轨	2	5.5561729081009004e-05	0.9839704411601351
高足	2	5.5561729081009004e-05	0.9840260028892162
福州市体校游泳队友	2	5.5561729081009004e-05	0.9840815646182972
六女	2	5.5561729081009004e-05	0.9841371263473783
第一人丈夫	2	5.5561729081009004e-05	0.9841926880764593
同性恋人	2	5.5561729081009004e-05	0.9842482498055404
十妹	2	5.5561729081009004e-05	0.9843038115346214
Shine成员	2	5.5561729081009004e-05	0.9843593732637025
裘派弟子	2	5.5561729081009004e-05	0.9844149349927835
助手	2	5.5561729081009004e-05	0.9844704967218646
亦师亦友	2	5.5561729081009004e-05	0.9845260584509457
六姐	2	5.5561729081009004e-05	0.9845816201800267
曾祖	2	5.5561729081009004e-05	0.9846371819091078
音乐合作	2	5.5561729081009004e-05	0.9846927436381888
男朋友	2	5.5561729081009004e-05	0.9847483053672699
银幕搭档	2	5.5561729081009004e-05	0.9848038670963509
九女	2	5.5561729081009004e-05	0.984859428825432
老搭档	2	5.5561729081009004e-05	0.984914990554513
谋女郎	2	5.5561729081009004e-05	0.9849705522835941
圈内好朋友	2	5.5561729081009004e-05	0.9850261140126751
二十弟	2	5.5561729081009004e-05	0.9850816757417562
双胞胎	2	5.5561729081009004e-05	0.9851372374708373
Sweety组合搭档	2	5.5561729081009004e-05	0.9851927991999183
小孙女	2	5.5561729081009004e-05	0.9852483609289994
省队队友	2	5.5561729081009004e-05	0.9853039226580804
反目成仇	2	5.5561729081009004e-05	0.9853594843871615
暗恋	2	5.5561729081009004e-05	0.9854150461162425
H4队友	2	5.5561729081009004e-05	0.9854706078453236
侄孙女	2	5.5561729081009004e-05	0.9855261695744046
2006年澳大利亚网球公开赛女双8强搭档	2	5.5561729081009004e-05	0.9855817313034857
已故好友	2	5.5561729081009004e-05	0.9856372930325668
Chakra	2	5.5561729081009004e-05	0.9856928547616478
反目师徒	2	5.5561729081009004e-05	0.9857484164907289
胞妹	2	5.5561729081009004e-05	0.9858039782198099
名将	2	5.5561729081009004e-05	0.985859539948891
风火海搭档	2	5.5561729081009004e-05	0.985915101677972
绯闻前女友	2	5.5561729081009004e-05	0.9859706634070531
御用配音	2	5.5561729081009004e-05	0.9860262251361341
热火队队友	2	5.5561729081009004e-05	0.9860817868652152
黄燕虹夫	2	5.5561729081009004e-05	0.9861373485942962
醉吻拥抱	2	5.5561729081009004e-05	0.9861929103233773
梁思成妻子	2	5.5561729081009004e-05	0.9862484720524584
三师弟	2	5.5561729081009004e-05	0.9863040337815394
排球队友	2	5.5561729081009004e-05	0.9863595955106205
侄媳	2	5.5561729081009004e-05	0.9864151572397015
二姑	2	5.5561729081009004e-05	0.9864707189687826
姐弟恋	2	5.5561729081009004e-05	0.9865262806978636
继任	2	5.5561729081009004e-05	0.9865818424269447
四太太	2	5.5561729081009004e-05	0.9866374041560257
合作《神雕侠侣》	1	2.7780864540504502e-05	0.9866651850205662
西班牙国手	1	2.7780864540504502e-05	0.9866929658851067
角色扮演者	1	2.7780864540504502e-05	0.9867207467496472
七儿媳	1	2.7780864540504502e-05	0.9867485276141876
第一任夫人	1	2.7780864540504502e-05	0.9867763084787281
《扶桑》主演	1	2.7780864540504502e-05	0.9868040893432686
表叔	1	2.7780864540504502e-05	0.986831870207809
门将	1	2.7780864540504502e-05	0.9868596510723495
皇二十三子	1	2.7780864540504502e-05	0.98688743193689
做秘书时的领导	1	2.7780864540504502e-05	0.9869152128014305
最喜欢的歌手	1	2.7780864540504502e-05	0.9869429936659709
学术敌人	1	2.7780864540504502e-05	0.9869707745305114
乾隆生母	1	2.7780864540504502e-05	0.9869985553950519
二舅	1	2.7780864540504502e-05	0.9870263362595924
二十哥	1	2.7780864540504502e-05	0.9870541171241328
前经理人	1	2.7780864540504502e-05	0.9870818979886733
二姐夫	1	2.7780864540504502e-05	0.9871096788532138
同性女友	1	2.7780864540504502e-05	0.9871374597177542
嫡长子	1	2.7780864540504502e-05	0.9871652405822947
遭逐	1	2.7780864540504502e-05	0.9871930214468352
文敌	1	2.7780864540504502e-05	0.9872208023113757
前任上司	1	2.7780864540504502e-05	0.9872485831759161
曾外孙女	1	2.7780864540504502e-05	0.9872763640404566
第二任	1	2.7780864540504502e-05	0.9873041449049971
良师益友	1	2.7780864540504502e-05	0.9873319257695375
羽泉组合	1	2.7780864540504502e-05	0.987359706634078
姑祖母	1	2.7780864540504502e-05	0.9873874874986185
大舅舅	1	2.7780864540504502e-05	0.987415268363159
敌人	1	2.7780864540504502e-05	0.9874430492276994
十五哥	1	2.7780864540504502e-05	0.9874708300922399
表外甥	1	2.7780864540504502e-05	0.9874986109567804
好姐妹	1	2.7780864540504502e-05	0.9875263918213208
第八任丈夫	1	2.7780864540504502e-05	0.9875541726858613
小姨	1	2.7780864540504502e-05	0.9875819535504018
美术指导	1	2.7780864540504502e-05	0.9876097344149423
表舅甥	1	2.7780864540504502e-05	0.9876375152794827
嗣子	1	2.7780864540504502e-05	0.9876652961440232
喜欢的演员	1	2.7780864540504502e-05	0.9876930770085637
证婚人	1	2.7780864540504502e-05	0.9877208578731042
前妹夫	1	2.7780864540504502e-05	0.9877486387376446
陈衡恪次子	1	2.7780864540504502e-05	0.9877764196021851
绯闻前男友	1	2.7780864540504502e-05	0.9878042004667256
首度合作《爵迹》	1	2.7780864540504502e-05	0.987831981331266
三妹妹	1	2.7780864540504502e-05	0.9878597621958065
合作《青花》	1	2.7780864540504502e-05	0.987887543060347
皇二十二子	1	2.7780864540504502e-05	0.9879153239248875
六儿媳	1	2.7780864540504502e-05	0.9879431047894279
交恶不和	1	2.7780864540504502e-05	0.9879708856539684
同公司	1	2.7780864540504502e-05	0.9879986665185089
袁杰武之子	1	2.7780864540504502e-05	0.9880264473830493
现男友	1	2.7780864540504502e-05	0.9880542282475898
提携前辈	1	2.7780864540504502e-05	0.9880820091121303
二弟媳	1	2.7780864540504502e-05	0.9881097899766708
皇次女	1	2.7780864540504502e-05	0.9881375708412112
小品搭挡	1	2.7780864540504502e-05	0.9881653517057517
继任中国男篮主帅	1	2.7780864540504502e-05	0.9881931325702922
武悼皇后	1	2.7780864540504502e-05	0.9882209134348326
皇六女	1	2.7780864540504502e-05	0.9882486942993731
WeWe	1	2.7780864540504502e-05	0.9882764751639136
大侄	1	2.7780864540504502e-05	0.9883042560284541
长得很像	1	2.7780864540504502e-05	0.9883320368929945
小舅	1	2.7780864540504502e-05	0.988359817757535
太祖	1	2.7780864540504502e-05	0.9883875986220755
孝烈武皇后	1	2.7780864540504502e-05	0.988415379486616
妻妹	1	2.7780864540504502e-05	0.9884431603511564
第一任公公	1	2.7780864540504502e-05	0.9884709412156969
前任公公	1	2.7780864540504502e-05	0.9884987220802374
对手戏	1	2.7780864540504502e-05	0.9885265029447778
义母	1	2.7780864540504502e-05	0.9885542838093183
结婚	1	2.7780864540504502e-05	0.9885820646738588
齐子如之子	1	2.7780864540504502e-05	0.9886098455383993
被曝同居	1	2.7780864540504502e-05	0.9886376264029397
初恋情人	1	2.7780864540504502e-05	0.9886654072674802
人艺同事	1	2.7780864540504502e-05	0.9886931881320207
长侄	1	2.7780864540504502e-05	0.9887209689965611
中国围棋队	1	2.7780864540504502e-05	0.9887487498611016
宰相	1	2.7780864540504502e-05	0.9887765307256421
追星	1	2.7780864540504502e-05	0.9888043115901826
孙媳	1	2.7780864540504502e-05	0.988832092454723
与杨娇三女	1	2.7780864540504502e-05	0.9888598733192635
国家队双人跳水搭档	1	2.7780864540504502e-05	0.988887654183804
独子	1	2.7780864540504502e-05	0.9889154350483444
关兴之子	1	2.7780864540504502e-05	0.9889432159128849
合作人	1	2.7780864540504502e-05	0.9889709967774254
第二任女友	1	2.7780864540504502e-05	0.9889987776419659
泼墨门	1	2.7780864540504502e-05	0.9890265585065063
七弟子	1	2.7780864540504502e-05	0.9890543393710468
同性男友	1	2.7780864540504502e-05	0.9890821202355873
五世祖	1	2.7780864540504502e-05	0.9891099011001278
同志男友	1	2.7780864540504502e-05	0.9891376819646682
十五子	1	2.7780864540504502e-05	0.9891654628292087
谋害	1	2.7780864540504502e-05	0.9891932436937492
姨父	1	2.7780864540504502e-05	0.9892210245582896
舅姥爷	1	2.7780864540504502e-05	0.9892488054228301
声乐老师	1	2.7780864540504502e-05	0.9892765862873706
六世祖	1	2.7780864540504502e-05	0.9893043671519111
前任婆婆	1	2.7780864540504502e-05	0.9893321480164515
其师	1	2.7780864540504502e-05	0.989359928880992
独生子	1	2.7780864540504502e-05	0.9893877097455325
二堂哥	1	2.7780864540504502e-05	0.989415490610073
大姑子	1	2.7780864540504502e-05	0.9894432714746134
鼓手	1	2.7780864540504502e-05	0.9894710523391539
《天浴》主演	1	2.7780864540504502e-05	0.9894988332036944
异父兄弟	1	2.7780864540504502e-05	0.9895266140682348
第六任男友	1	2.7780864540504502e-05	0.9895543949327753
合作摄影师	1	2.7780864540504502e-05	0.9895821757973158
玄孙	1	2.7780864540504502e-05	0.9896099566618562
干儿媳	1	2.7780864540504502e-05	0.9896377375263967
异母兄弟	1	2.7780864540504502e-05	0.9896655183909372
三儿媳	1	2.7780864540504502e-05	0.9896932992554777
主子	1	2.7780864540504502e-05	0.9897210801200181
三妹夫	1	2.7780864540504502e-05	0.9897488609845586
现任太太	1	2.7780864540504502e-05	0.9897766418490991
干弟弟	1	2.7780864540504502e-05	0.9898044227136396
国家队教练	1	2.7780864540504502e-05	0.98983220357818
我是歌手搭档	1	2.7780864540504502e-05	0.9898599844427205
前任妻子	1	2.7780864540504502e-05	0.989887765307261
作词	1	2.7780864540504502e-05	0.9899155461718014
江苏队主教练	1	2.7780864540504502e-05	0.9899433270363419
十九哥	1	2.7780864540504502e-05	0.9899711079008824
杀害其母亲人	1	2.7780864540504502e-05	0.9899988887654229
经济人	1	2.7780864540504502e-05	0.9900266696299633
大舅妈	1	2.7780864540504502e-05	0.9900544504945038
亲传弟子	1	2.7780864540504502e-05	0.9900822313590443
第六任丈夫	1	2.7780864540504502e-05	0.9901100122235847
贵人	1	2.7780864540504502e-05	0.9901377930881252
姘居	1	2.7780864540504502e-05	0.9901655739526657
组合乐队	1	2.7780864540504502e-05	0.9901933548172062
第五子	1	2.7780864540504502e-05	0.9902211356817466
恋人	1	2.7780864540504502e-05	0.9902489165462871
上海京剧院	1	2.7780864540504502e-05	0.9902766974108276
大个	1	2.7780864540504502e-05	0.990304478275368
反贼	1	2.7780864540504502e-05	0.9903322591399085
同演同事	1	2.7780864540504502e-05	0.990360040004449
五弟子	1	2.7780864540504502e-05	0.9903878208689895
关兴庶子	1	2.7780864540504502e-05	0.9904156017335299
皇十九子	1	2.7780864540504502e-05	0.9904433825980704
正妻	1	2.7780864540504502e-05	0.9904711634626109
姐妹	1	2.7780864540504502e-05	0.9904989443271514
合唱《相约到永久》	1	2.7780864540504502e-05	0.9905267251916918
康熙帝生母	1	2.7780864540504502e-05	0.9905545060562323
政治合作	1	2.7780864540504502e-05	0.9905822869207728
传记作家	1	2.7780864540504502e-05	0.9906100677853132
堂叔	1	2.7780864540504502e-05	0.9906378486498537
五儿媳	1	2.7780864540504502e-05	0.9906656295143942
孪生弟弟	1	2.7780864540504502e-05	0.9906934103789347
胞姐	1	2.7780864540504502e-05	0.9907211912434751
《少女小渔》主演	1	2.7780864540504502e-05	0.9907489721080156
贤妃	1	2.7780864540504502e-05	0.9907767529725561
堂姐夫	1	2.7780864540504502e-05	0.9908045338370965
邻居	1	2.7780864540504502e-05	0.990832314701637
好友、合作者	1	2.7780864540504502e-05	0.9908600955661775
江苏省体工队教练	1	2.7780864540504502e-05	0.990887876430718
干姐姐	1	2.7780864540504502e-05	0.9909156572952584
红颜知己	1	2.7780864540504502e-05	0.9909434381597989
团体队友	1	2.7780864540504502e-05	0.9909712190243394
伙伴	1	2.7780864540504502e-05	0.9909989998888799
老幺	1	2.7780864540504502e-05	0.9910267807534203
小儿媳	1	2.7780864540504502e-05	0.9910545616179608
电影女主角	1	2.7780864540504502e-05	0.9910823424825013
入党介绍人	1	2.7780864540504502e-05	0.9911101233470417
表兄弟	1	2.7780864540504502e-05	0.9911379042115822
继妃	1	2.7780864540504502e-05	0.9911656850761227
国家队主管教练	1	2.7780864540504502e-05	0.9911934659406632
隔辈闺蜜	1	2.7780864540504502e-05	0.9912212468052036
引荐人	1	2.7780864540504502e-05	0.9912490276697441
维尼夫妇	1	2.7780864540504502e-05	0.9912768085342846
签约艺人	1	2.7780864540504502e-05	0.991304589398825
夫家祖父	1	2.7780864540504502e-05	0.9913323702633655
皇二十子	1	2.7780864540504502e-05	0.991360151127906
secret组合成员	1	2.7780864540504502e-05	0.9913879319924465
平妻	1	2.7780864540504502e-05	0.9914157128569869
太祖母	1	2.7780864540504502e-05	0.9914434937215274
皇庶长子	1	2.7780864540504502e-05	0.9914712745860679
合作电视剧	1	2.7780864540504502e-05	0.9914990554506083
姐弟	1	2.7780864540504502e-05	0.9915268363151488
皇十八子	1	2.7780864540504502e-05	0.9915546171796893
收徒	1	2.7780864540504502e-05	0.9915823980442298
第二任王后	1	2.7780864540504502e-05	0.9916101789087702
与杨娇长子	1	2.7780864540504502e-05	0.9916379597733107
第二夫人	1	2.7780864540504502e-05	0.9916657406378512
孙女（李杭之女）	1	2.7780864540504502e-05	0.9916935215023917
马英九妻子	1	2.7780864540504502e-05	0.9917213023669321
第一皇后	1	2.7780864540504502e-05	0.9917490832314726
西红柿门	1	2.7780864540504502e-05	0.9917768640960131
前任小姑子	1	2.7780864540504502e-05	0.9918046449605535
表兄	1	2.7780864540504502e-05	0.991832425825094
表嫂	1	2.7780864540504502e-05	0.9918602066896345
干闺女	1	2.7780864540504502e-05	0.991887987554175
三侄	1	2.7780864540504502e-05	0.9919157684187154
姨奶奶	1	2.7780864540504502e-05	0.9919435492832559
沙排搭档	1	2.7780864540504502e-05	0.9919713301477964
皇二十四子	1	2.7780864540504502e-05	0.9919991110123368
皇十女	1	2.7780864540504502e-05	0.9920268918768773
第九子	1	2.7780864540504502e-05	0.9920546727414178
四孙	1	2.7780864540504502e-05	0.9920824536059583
七儿子	1	2.7780864540504502e-05	0.9921102344704987
小叔父	1	2.7780864540504502e-05	0.9921380153350392
张鲁之子	1	2.7780864540504502e-05	0.9921657961995797
国家队新任教练	1	2.7780864540504502e-05	0.9921935770641201
姑父 岳父	1	2.7780864540504502e-05	0.9922213579286606
亡妻	1	2.7780864540504502e-05	0.9922491387932011
女朋友	1	2.7780864540504502e-05	0.9922769196577416
原配妻子	1	2.7780864540504502e-05	0.992304700522282
叔嫂	1	2.7780864540504502e-05	0.9923324813868225
最喜欢的男演员	1	2.7780864540504502e-05	0.992360262251363
第二皇后	1	2.7780864540504502e-05	0.9923880431159035
2004澳网青少年组女双冠军搭档	1	2.7780864540504502e-05	0.9924158239804439
演戏导演	1	2.7780864540504502e-05	0.9924436048449844
二十五子	1	2.7780864540504502e-05	0.9924713857095249
二孙	1	2.7780864540504502e-05	0.9924991665740653
杀死其之人	1	2.7780864540504502e-05	0.9925269474386058
跳水教练	1	2.7780864540504502e-05	0.9925547283031463
恩人	1	2.7780864540504502e-05	0.9925825091676868
堂舅	1	2.7780864540504502e-05	0.9926102900322272
卫思后	1	2.7780864540504502e-05	0.9926380708967677
同父同母	1	2.7780864540504502e-05	0.9926658517613082
宠臣	1	2.7780864540504502e-05	0.9926936326258486
死敌	1	2.7780864540504502e-05	0.9927214134903891
公子	1	2.7780864540504502e-05	0.9927491943549296
助教练	1	2.7780864540504502e-05	0.9927769752194701
七师叔	1	2.7780864540504502e-05	0.9928047560840105
绯闻旧爱	1	2.7780864540504502e-05	0.992832536948551
学员	1	2.7780864540504502e-05	0.9928603178130915
继承人	1	2.7780864540504502e-05	0.992888098677632
皇九女	1	2.7780864540504502e-05	0.9929158795421724
大师伯	1	2.7780864540504502e-05	0.9929436604067129
六师兄	1	2.7780864540504502e-05	0.9929714412712534
大叔	1	2.7780864540504502e-05	0.9929992221357938
推荐	1	2.7780864540504502e-05	0.9930270030003343
爱人	1	2.7780864540504502e-05	0.9930547838648748
齐良末之女	1	2.7780864540504502e-05	0.9930825647294153
妯娌	1	2.7780864540504502e-05	0.9931103455939557
同是快女	1	2.7780864540504502e-05	0.9931381264584962
嫡次子	1	2.7780864540504502e-05	0.9931659073230367
前姻亲	1	2.7780864540504502e-05	0.9931936881875771
苏轼	1	2.7780864540504502e-05	0.9932214690521176
亲姐姐	1	2.7780864540504502e-05	0.9932492499166581
皇三女	1	2.7780864540504502e-05	0.9932770307811986
体操启蒙老师	1	2.7780864540504502e-05	0.993304811645739
第一位皇后	1	2.7780864540504502e-05	0.9933325925102795
第三位夫人	1	2.7780864540504502e-05	0.99336037337482
互粉	1	2.7780864540504502e-05	0.9933881542393604
《少女小渔》导演	1	2.7780864540504502e-05	0.9934159351039009
父亲兼教练	1	2.7780864540504502e-05	0.9934437159684414
妈妈	1	2.7780864540504502e-05	0.9934714968329819
夫之父	1	2.7780864540504502e-05	0.9934992776975223
黄三女	1	2.7780864540504502e-05	0.9935270585620628
第三任	1	2.7780864540504502e-05	0.9935548394266033
表侄子	1	2.7780864540504502e-05	0.9935826202911437
二侄	1	2.7780864540504502e-05	0.9936104011556842
大姐夫	1	2.7780864540504502e-05	0.9936381820202247
八皇子	1	2.7780864540504502e-05	0.9936659628847652
武大	1	2.7780864540504502e-05	0.9936937437493056
省队教练	1	2.7780864540504502e-05	0.9937215246138461
党内继任者	1	2.7780864540504502e-05	0.9937493054783866
二妹妹	1	2.7780864540504502e-05	0.993777086342927
二十三弟	1	2.7780864540504502e-05	0.9938048672074675
小妾	1	2.7780864540504502e-05	0.993832648072008
男友事业拍档	1	2.7780864540504502e-05	0.9938604289365485
第七任丈夫	1	2.7780864540504502e-05	0.9938882098010889
幼孙	1	2.7780864540504502e-05	0.9939159906656294
效忠的君主	1	2.7780864540504502e-05	0.9939437715301699
夫之侧	1	2.7780864540504502e-05	0.9939715523947104
皇十三子	1	2.7780864540504502e-05	0.9939993332592508
婕妤	1	2.7780864540504502e-05	0.9940271141237913
元曲四大家	1	2.7780864540504502e-05	0.9940548949883318
配偶	1	2.7780864540504502e-05	0.9940826758528722
指导教练	1	2.7780864540504502e-05	0.9941104567174127
孪生妹妹	1	2.7780864540504502e-05	0.9941382375819532
十一妹	1	2.7780864540504502e-05	0.9941660184464937
中学同学	1	2.7780864540504502e-05	0.9941937993110341
十弟	1	2.7780864540504502e-05	0.9942215801755746
师叔	1	2.7780864540504502e-05	0.9942493610401151
道光	1	2.7780864540504502e-05	0.9942771419046555
皇十五子	1	2.7780864540504502e-05	0.994304922769196
师承	1	2.7780864540504502e-05	0.9943327036337365
合演《庐山恋》	1	2.7780864540504502e-05	0.994360484498277
谋臣	1	2.7780864540504502e-05	0.9943882653628174
孝慈高皇后	1	2.7780864540504502e-05	0.9944160462273579
婚外情	1	2.7780864540504502e-05	0.9944438270918984
大弟子	1	2.7780864540504502e-05	0.9944716079564389
叔侄	1	2.7780864540504502e-05	0.9944993888209793
董鄂妃	1	2.7780864540504502e-05	0.9945271696855198
外叔公	1	2.7780864540504502e-05	0.9945549505500603
大姨	1	2.7780864540504502e-05	0.9945827314146007
母女	1	2.7780864540504502e-05	0.9946105122791412
喜爱的歌星	1	2.7780864540504502e-05	0.9946382931436817
前岳父	1	2.7780864540504502e-05	0.9946660740082222
初恋男友	1	2.7780864540504502e-05	0.9946938548727626
大师哥	1	2.7780864540504502e-05	0.9947216357373031
干父子	1	2.7780864540504502e-05	0.9947494166018436
女团冠军队友	1	2.7780864540504502e-05	0.994777197466384
外公	1	2.7780864540504502e-05	0.9948049783309245
干姑姑	1	2.7780864540504502e-05	0.994832759195465
婶婶	1	2.7780864540504502e-05	0.9948605400600055
族弟	1	2.7780864540504502e-05	0.9948883209245459
男友男友	1	2.7780864540504502e-05	0.9949161017890864
采访对象	1	2.7780864540504502e-05	0.9949438826536269
艺友	1	2.7780864540504502e-05	0.9949716635181673
公司前辈	1	2.7780864540504502e-05	0.9949994443827078
姊妹	1	2.7780864540504502e-05	0.9950272252472483
队指导教练	1	2.7780864540504502e-05	0.9950550061117888
2008年国家队跳水教练	1	2.7780864540504502e-05	0.9950827869763292
国家跳水队教练员	1	2.7780864540504502e-05	0.9951105678408697
思想继承者	1	2.7780864540504502e-05	0.9951383487054102
先人	1	2.7780864540504502e-05	0.9951661295699507
孪生姐姐	1	2.7780864540504502e-05	0.9951939104344911
爱慕之人	1	2.7780864540504502e-05	0.9952216912990316
效忠的君王	1	2.7780864540504502e-05	0.9952494721635721
前老板	1	2.7780864540504502e-05	0.9952772530281125
丈夫的儿子	1	2.7780864540504502e-05	0.995305033892653
丫鬟，好友	1	2.7780864540504502e-05	0.9953328147571935
第二任夫人	1	2.7780864540504502e-05	0.995360595621734
初恋&丈夫	1	2.7780864540504502e-05	0.9953883764862744
皇十一子	1	2.7780864540504502e-05	0.9954161573508149
共建中国少年共产党	1	2.7780864540504502e-05	0.9954439382153554
二十四弟	1	2.7780864540504502e-05	0.9954717190798958
8年旧爱	1	2.7780864540504502e-05	0.9954994999444363
前继父	1	2.7780864540504502e-05	0.9955272808089768
第一任王后	1	2.7780864540504502e-05	0.9955550616735173
女弟子	1	2.7780864540504502e-05	0.9955828425380577
四嫂	1	2.7780864540504502e-05	0.9956106234025982
电影合作	1	2.7780864540504502e-05	0.9956384042671387
乐队	1	2.7780864540504502e-05	0.9956661851316791
小生老师	1	2.7780864540504502e-05	0.9956939659962196
侍妾	1	2.7780864540504502e-05	0.9957217468607601
堂兄弟	1	2.7780864540504502e-05	0.9957495277253006
交恶	1	2.7780864540504502e-05	0.995777308589841
二师叔	1	2.7780864540504502e-05	0.9958050894543815
叔爷	1	2.7780864540504502e-05	0.995832870318922
父亲兼启蒙老师	1	2.7780864540504502e-05	0.9958606511834625
追求者	1	2.7780864540504502e-05	0.9958884320480029
皇帝	1	2.7780864540504502e-05	0.9959162129125434
二十二弟	1	2.7780864540504502e-05	0.9959439937770839
表姨母	1	2.7780864540504502e-05	0.9959717746416243
八女	1	2.7780864540504502e-05	0.9959995555061648
主客关系	1	2.7780864540504502e-05	0.9960273363707053
二弟子	1	2.7780864540504502e-05	0.9960551172352458
皇嫡长子	1	2.7780864540504502e-05	0.9960828980997862
废后	1	2.7780864540504502e-05	0.9961106789643267
红颜	1	2.7780864540504502e-05	0.9961384598288672
小孙子	1	2.7780864540504502e-05	0.9961662406934076
姑妈	1	2.7780864540504502e-05	0.9961940215579481
双胞胎兄弟	1	2.7780864540504502e-05	0.9962218024224886
合作《归途如虹》	1	2.7780864540504502e-05	0.9962495832870291
贵妃	1	2.7780864540504502e-05	0.9962773641515695
皇十六子	1	2.7780864540504502e-05	0.99630514501611
亲戚	1	2.7780864540504502e-05	0.9963329258806505
合作《天龙八部》	1	2.7780864540504502e-05	0.996360706745191
三太太	1	2.7780864540504502e-05	0.9963884876097314
求是书院同学	1	2.7780864540504502e-05	0.9964162684742719
三伯父	1	2.7780864540504502e-05	0.9964440493388124
外貌相似	1	2.7780864540504502e-05	0.9964718302033528
侄孙	1	2.7780864540504502e-05	0.9964996110678933
DRY乐队	1	2.7780864540504502e-05	0.9965273919324338
cookies组合同伴	1	2.7780864540504502e-05	0.9965551727969743
庶子	1	2.7780864540504502e-05	0.9965829536615147
五师兄	1	2.7780864540504502e-05	0.9966107345260552
大堂哥	1	2.7780864540504502e-05	0.9966385153905957
艺术的推动者	1	2.7780864540504502e-05	0.9966662962551361
搭档&绯闻	1	2.7780864540504502e-05	0.9966940771196766
二舅舅	1	2.7780864540504502e-05	0.9967218579842171
高祖母	1	2.7780864540504502e-05	0.9967496388487576
师兄妹	1	2.7780864540504502e-05	0.996777419713298
蓝颜	1	2.7780864540504502e-05	0.9968052005778385
继任者	1	2.7780864540504502e-05	0.996832981442379
十舅	1	2.7780864540504502e-05	0.9968607623069194
大太太	1	2.7780864540504502e-05	0.9968885431714599
忘年交	1	2.7780864540504502e-05	0.9969163240360004
亲弟弟	1	2.7780864540504502e-05	0.9969441049005409
太公	1	2.7780864540504502e-05	0.9969718857650813
李菡	1	2.7780864540504502e-05	0.9969996666296218
入室弟子	1	2.7780864540504502e-05	0.9970274474941623
最喜欢演员	1	2.7780864540504502e-05	0.9970552283587027
商业活动	1	2.7780864540504502e-05	0.9970830092232432
同性恋女友	1	2.7780864540504502e-05	0.9971107900877837
同性恋	1	2.7780864540504502e-05	0.9971385709523242
第二位皇后	1	2.7780864540504502e-05	0.9971663518168646
姘头	1	2.7780864540504502e-05	0.9971941326814051
绯闻情侣	1	2.7780864540504502e-05	0.9972219135459456
兄弟姐妹	1	2.7780864540504502e-05	0.997249694410486
七女	1	2.7780864540504502e-05	0.9972774752750265
亲友	1	2.7780864540504502e-05	0.997305256139567
参加的第一届赴朝慰问团的团长	1	2.7780864540504502e-05	0.9973330370041075
皇九子	1	2.7780864540504502e-05	0.9973608178686479
喜爱的演员	1	2.7780864540504502e-05	0.9973885987331884
谊女	1	2.7780864540504502e-05	0.9974163795977289
丈夫的情人	1	2.7780864540504502e-05	0.9974441604622694
六师叔	1	2.7780864540504502e-05	0.9974719413268098
皇二十一子	1	2.7780864540504502e-05	0.9974997221913503
第二任儿媳	1	2.7780864540504502e-05	0.9975275030558908
插足	1	2.7780864540504502e-05	0.9975552839204312
现在教练	1	2.7780864540504502e-05	0.9975830647849717
陈坤厚	1	2.7780864540504502e-05	0.9976108456495122
孪生大哥	1	2.7780864540504502e-05	0.9976386265140527
航天搭档	1	2.7780864540504502e-05	0.9976664073785931
小姑的丈夫	1	2.7780864540504502e-05	0.9976941882431336
长相相似	1	2.7780864540504502e-05	0.9977219691076741
后爹	1	2.7780864540504502e-05	0.9977497499722146
小学同学	1	2.7780864540504502e-05	0.997777530836755
第一任	1	2.7780864540504502e-05	0.9978053117012955
表侄	1	2.7780864540504502e-05	0.997833092565836
表妹夫	1	2.7780864540504502e-05	0.9978608734303764
广东省体操队教练	1	2.7780864540504502e-05	0.9978886542949169
退役后的经理人	1	2.7780864540504502e-05	0.9979164351594574
与杨娇次子	1	2.7780864540504502e-05	0.9979442160239979
合作《杨门女将》	1	2.7780864540504502e-05	0.9979719968885383
国家跳水队时教练	1	2.7780864540504502e-05	0.9979997777530788
三个	1	2.7780864540504502e-05	0.9980275586176193
族伯	1	2.7780864540504502e-05	0.9980553394821597
后辈	1	2.7780864540504502e-05	0.9980831203467002
同母异父妹妹	1	2.7780864540504502e-05	0.9981109012112407
合作《武当》	1	2.7780864540504502e-05	0.9981386820757812
坐骑	1	2.7780864540504502e-05	0.9981664629403216
五公主	1	2.7780864540504502e-05	0.9981942438048621
七姐	1	2.7780864540504502e-05	0.9982220246694026
大学教练	1	2.7780864540504502e-05	0.998249805533943
微博爆粗	1	2.7780864540504502e-05	0.9982775863984835
主唱	1	2.7780864540504502e-05	0.998305367263024
三孙子	1	2.7780864540504502e-05	0.9983331481275645
异父妹妹	1	2.7780864540504502e-05	0.9983609289921049
复合	1	2.7780864540504502e-05	0.9983887098566454
04年超女	1	2.7780864540504502e-05	0.9984164907211859
三姑	1	2.7780864540504502e-05	0.9984442715857264
三房	1	2.7780864540504502e-05	0.9984720524502668
第十子	1	2.7780864540504502e-05	0.9984998333148073
三女婿	1	2.7780864540504502e-05	0.9985276141793478
上海游泳队教练	1	2.7780864540504502e-05	0.9985553950438882
五太太	1	2.7780864540504502e-05	0.9985831759084287
合作《武当》《奇人奇案》	1	2.7780864540504502e-05	0.9986109567729692
前队长	1	2.7780864540504502e-05	0.9986387376375097
前锋	1	2.7780864540504502e-05	0.9986665185020501
十二子	1	2.7780864540504502e-05	0.9986942993665906
大孙女	1	2.7780864540504502e-05	0.9987220802311311
嫡妃	1	2.7780864540504502e-05	0.9987498610956715
合作《秋香》《奇人奇案》	1	2.7780864540504502e-05	0.998777641960212
双胞胎儿子	1	2.7780864540504502e-05	0.9988054228247525
皇十二子	1	2.7780864540504502e-05	0.998833203689293
废皇后	1	2.7780864540504502e-05	0.9988609845538334
第二子	1	2.7780864540504502e-05	0.9988887654183739
组合KV成员	1	2.7780864540504502e-05	0.9989165462829144
二夫人	1	2.7780864540504502e-05	0.9989443271474548
搭挡	1	2.7780864540504502e-05	0.9989721080119953
第四皇后	1	2.7780864540504502e-05	0.9989998888765358
武元皇后	1	2.7780864540504502e-05	0.9990276697410763
现女友	1	2.7780864540504502e-05	0.9990554506056167
水木年华	1	2.7780864540504502e-05	0.9990832314701572
外曾祖父	1	2.7780864540504502e-05	0.9991110123346977
第三夫人	1	2.7780864540504502e-05	0.9991387931992382
政对	1	2.7780864540504502e-05	0.9991665740637786
六弟子	1	2.7780864540504502e-05	0.9991943549283191
妻弟	1	2.7780864540504502e-05	0.9992221357928596
第一人妻子	1	2.7780864540504502e-05	0.9992499166574
太师傅	1	2.7780864540504502e-05	0.9992776975219405
所属团体	1	2.7780864540504502e-05	0.999305478386481
上级	1	2.7780864540504502e-05	0.9993332592510215
私生子母亲	1	2.7780864540504502e-05	0.9993610401155619
指导老师	1	2.7780864540504502e-05	0.9993888209801024
前主教练	1	2.7780864540504502e-05	0.9994166018446429
元妃	1	2.7780864540504502e-05	0.9994443827091833
基友三人组	1	2.7780864540504502e-05	0.9994721635737238
博士生导师	1	2.7780864540504502e-05	0.9994999444382643
二妹夫	1	2.7780864540504502e-05	0.9995277253028048
干父女	1	2.7780864540504502e-05	0.9995555061673452
合作女星	1	2.7780864540504502e-05	0.9995832870318857
车手	1	2.7780864540504502e-05	0.9996110678964262
六儿子	1	2.7780864540504502e-05	0.9996388487609666
喜欢的歌手	1	2.7780864540504502e-05	0.9996666296255071
十八哥	1	2.7780864540504502e-05	0.9996944104900476
提琴、作曲、乐理老师	1	2.7780864540504502e-05	0.9997221913545881
四弟子	1	2.7780864540504502e-05	0.9997499722191285
义父、师傅	1	2.7780864540504502e-05	0.999777753083669
未序齿	1	2.7780864540504502e-05	0.9998055339482095
义妹	1	2.7780864540504502e-05	0.99983331481275
快女4进3对手	1	2.7780864540504502e-05	0.9998610956772904
男宠	1	2.7780864540504502e-05	0.9998888765418309
皇七女	1	2.7780864540504502e-05	0.9999166574063714
昭仪	1	2.7780864540504502e-05	0.9999444382709118
日本V6组合	1	2.7780864540504502e-05	0.9999722191354523
曹霖之子	1	2.7780864540504502e-05	0.9999999999999928
